46 52 48 00 01 00 162 27 00 00 111 111 
85 80 15 01 01 00 00 02 18 02 204 204 
85 81 244 01 253 255 200 251 13 11 114 114 	20244/1/253  255:200:251:2829
85 82 00 00 00 00 00 00 13 11 191 191 
85 83 250 255 100 238 03 192 13 11 206 206 
85 84 18 170 04 00 91 254 13 11 218 218 
85 85 165 00 00 00 163 05 114 04 109 109 	roll is: 0.906372 pitch is: 0.000000 yaw is: 7.926636 temperature is: 11.380000
85 86 126 136 01 00 162 27 00 00 111 111 
85 80 15 01 01 00 00 02 28 02 214 214 
85 81 246 01 254 255 190 251 13 11 107 107 	20246/1/254  255:190:251:2829
85 82 00 00 01 00 255 255 13 11 190 190 
85 83 249 255 100 238 03 192 13 11 205 205 
85 84 19 170 06 00 92 254 13 11 222 222 
85 85 172 00 00 00 160 05 115 04 114 114 	roll is: 0.944824 pitch is: 0.000000 yaw is: 7.910156 temperature is: 11.390000
85 86 126 136 01 00 162 27 00 00 111 111 
85 80 15 01 01 00 00 02 38 02 224 224 
85 81 246 01 255 255 194 251 13 11 112 112 	20246/1/255  255:194:251:2829
85 82 01 00 01 00 00 00 13 11 193 193 
85 83 249 255 100 238 03 192 13 11 205 205 
85 84 19 170 06 00 92 254 13 11 222 222 
85 85 163 00 00 00 165 05 123 04 118 118 	roll is: 0.895386 pitch is: 0.000000 yaw is: 7.937622 temperature is: 11.470000
85 86 126 136 01 00 162 27 00 00 111 111 
85 80 15 01 01 00 00 02 48 02 234 234 
85 81 246 01 253 255 196 251 14 11 113 113 	20246/1/253  255:196:251:2830
85 82 00 00 01 00 00 00 14 11 193 193 
85 83 249 255 100 238 02 192 14 11 205 205 
85 84 19 170 06 00 92 254 14 11 223 223 
85 85 231 00 00 00 166 05 87 04 151 151 	roll is: 1.268921 pitch is: 0.000000 yaw is: 7.943115 temperature is: 11.110000
85 86 126 136 01 00 162 27 00 00 111 111 
85 80 15 01 01 00 00 02 58 02 244 244 
85 81 240 01 253 255 193 251 14 11 104 104 	20240/1/253  255:193:251:2830
85 82 00 00 00 00 00 00 14 11 192 192 
85 83 249 255 100 238 02 192 14 11 205 205 
85 84 18 170 07 00 93 254 14 11 224 224 
85 85 192 00 00 00 159 05 99 04 117 117 	roll is: 1.054688 pitch is: 0.000000 yaw is: 7.904663 temperature is: 11.230000
85 86 126 136 01 00 162 27 00 00 111 111 
85 80 15 01 01 00 00 02 68 02 254 254 
85 81 243 01 251 255 192 251 14 11 104 104 	20243/1/251  255:192:251:2830
85 82 00 00 00 00 255 255 14 11 190 190 
85 83 248 255 100 238 02 192 14 11 204 204 
85 84 16 170 07 00 90 254 14 11 219 219 
85 85 35 01 00 00 161 05 103 04 223 223 	roll is: 1.598511 pitch is: 0.000000 yaw is: 7.915649 temperature is: 11.270000
85 86 126 136 01 00 162 27 00 00 111 111 
85 80 15 01 01 00 00 02 78 02 08 08 
85 81 247 01 252 255 193 251 14 11 110 110 	20247/1/252  255:193:251:2830
85 82 00 00 255 255 255 255 14 11 188 188 
