55 50 0f 01 01 00 09 35 70 03 67        -136100210   475814993880.000000   475951094090.000000
55 50 0f 01 01 00 09 35 7a 03 71        -136100200   475814993890.000000   475951094090.000000
55 50 0f 01 01 00 09 35 84 03 7b        -136100189   475814993900.000000   475951094089.000000
55 50 0f 01 01 00 09 35 8e 03 85        -136100180   475814993910.000000   475951094090.000000
55 50 0f 01 01 00 09 35 98 03 8f        -136100170   475814993920.000000   475951094090.000000
55 50 0f 01 01 00 09 35 a2 03 99        -136100160   475814993930.000000   475951094090.000000
55 50 0f 01 01 00 09 35 ac 03 a3        -136100150   475814993940.000000   475951094090.000000
55 50 0f 01 01 00 09 35 b6 03 ad        -136100139   475814993950.000000   475951094089.000000
55 50 0f 01 01 00 09 35 c0 03 b7        -136100130   475814993960.000000   475951094090.000000
55 50 0f 01 01 00 09 35 ca 03 c1        -136100120   475814993970.000000   475951094090.000000
55 50 0f 01 01 00 09 35 d4 03 cb        -136100110   475814993980.000000   475951094090.000000
55 50 0f 01 01 00 09 35 de 03 d5        -136100100   475814993990.000000   475951094090.000000
55 50 0f 01 01 00 09 36 00 00 f5        -136100089   475814994000.000000   475951094089.000000
55 50 0f 01 01 00 09 36 0a 00 ff        -136100080   475814994010.000000   475951094090.000000
55 50 0f 01 01 00 09 36 14 00 09        -136100070   475814994020.000000   475951094090.000000
55 50 0f 01 01 00 09 36 1e 00 13        -136100060   475814994030.000000   475951094090.000000
55 50 0f 01 01 00 09 36 28 00 1d        -136100050   475814994040.000000   475951094090.000000
55 50 0f 01 01 00 09 36 32 00 27        -136100039   475814994050.000000   475951094089.000000
55 50 0f 01 01 00 09 36 3c 00 31        -136100030   475814994060.000000   475951094090.000000
55 50 0f 01 01 00 09 36 46 00 3b        -136100020   475814994070.000000   475951094090.000000
55 50 0f 01 01 00 09 36 50 00 45        -136100010   475814994080.000000   475951094090.000000
55 50 0f 01 01 00 09 36 5a 00 4f        -136100000   475814994090.000000   475951094090.000000
55 50 0f 01 01 00 09 36 64 00 59        -136099989   475814994100.000000   475951094089.000000
55 50 0f 01 01 00 09 36 6e 00 63        -136099980   475814994110.000000   475951094090.000000
55 50 0f 01 01 00 09 36 78 00 6d        -136099970   475814994120.000000   475951094090.000000
55 50 0f 01 01 00 09 36 82 00 77        -136099960   475814994130.000000   475951094090.000000
55 50 0f 01 01 00 09 36 8c 00 81        -136099950   475814994140.000000   475951094090.000000
55 50 0f 01 01 00 09 36 96 00 8b        -136099939   475814994150.000000   475951094089.000000
55 50 0f 01 01 00 09 36 a0 00 95        -136099930   475814994160.000000   475951094090.000000
55 50 0f 01 01 00 09 36 aa 00 9f        -136099920   475814994170.000000   475951094090.000000
55 50 0f 01 01 00 09 36 b4 00 a9        -136099910   475814994180.000000   475951094090.000000
55 50 0f 01 01 00 09 36 be 00 b3        -136099900   475814994190.000000   475951094090.000000
55 50 0f 01 01 00 09 36 c8 00 bd        -136099889   475814994200.000000   475951094089.000000
55 50 0f 01 01 00 09 36 d2 00 c7        -136099880   475814994210.000000   475951094090.000000
55 50 0f 01 01 00 09 36 dc 00 d1        -136099870   475814994220.000000   475951094090.000000
55 50 0f 01 01 00 09 36 e6 00 db        -136099860   475814994230.000000   475951094090.000000
55 50 0f 01 01 00 09 36 f0 00 e5        -136099850   475814994240.000000   475951094090.000000
55 50 0f 01 01 00 09 36 fa 00 ef        -136099839   475814994250.000000   475951094089.000000
55 50 0f 01 01 00 09 36 04 01 fa        -136099830   475814994260.000000   475951094090.000000
55 50 0f 01 01 00 09 36 0e 01 04        -136099820   475814994270.000000   475951094090.000000
55 50 0f 01 01 00 09 36 18 01 0e        -136099810   475814994280.000000   475951094090.000000
55 50 0f 01 01 00 09 36 22 01 18        -136099800   475814994290.000000   475951094090.000000
55 50 0f 01 01 00 09 36 2c 01 22        -136099789   475814994300.000000   475951094089.000000
55 50 0f 01 01 00 09 36 36 01 2c        -136099780   475814994310.000000   475951094090.000000
55 50 0f 01 01 00 09 36 40 01 36        -136099770   475814994320.000000   475951094090.000000
55 50 0f 01 01 00 09 36 4a 01 40        -136099760   475814994330.000000   475951094090.000000
55 50 0f 01 01 00 09 36 54 01 4a        -136099750   475814994340.000000   475951094090.000000
55 50 0f 01 01 00 09 36 5e 01 54        -136099739   475814994350.000000   475951094089.000000
55 50 0f 01 01 00 09 36 68 01 5e        -136099730   475814994360.000000   475951094090.000000
55 50 0f 01 01 00 09 36 72 01 68        -136099720   475814994370.000000   475951094090.000000
55 50 0f 01 01 00 09 36 7c 01 72        -136099710   475814994380.000000   475951094090.000000
55 50 0f 01 01 00 09 36 86 01 7c        -136099700   475814994390.000000   475951094090.000000
55 50 0f 01 01 00 09 36 90 01 86        -136099689   475814994400.000000   475951094089.000000
55 50 0f 01 01 00 09 36 9a 01 90        -136099680   475814994410.000000   475951094090.000000
55 50 0f 01 01 00 09 36 a4 01 9a        -136099670   475814994420.000000   475951094090.000000
55 50 0f 01 01 00 09 36 ae 01 a4        -136099660   475814994430.000000   475951094090.000000
55 50 0f 01 01 00 09 36 b8 01 ae        -136099650   475814994440.000000   475951094090.000000
55 50 0f 01 01 00 09 36 c2 01 b8        -136099639   475814994450.000000   475951094089.000000
55 50 0f 01 01 00 09 36 cc 01 c2        -136099630   475814994460.000000   475951094090.000000
55 50 0f 01 01 00 09 36 d6 01 cc        -136099620   475814994470.000000   475951094090.000000
55 50 0f 01 01 00 09 36 e0 01 d6        -136099610   475814994480.000000   475951094090.000000
55 50 0f 01 01 00 09 36 ea 01 e0        -136099600   475814994490.000000   475951094090.000000
55 50 0f 01 01 00 09 36 f4 01 ea        -136099589   475814994500.000000   475951094089.000000
55 50 0f 01 01 00 09 36 fe 01 f4        -136099580   475814994510.000000   475951094090.000000
55 50 0f 01 01 00 09 36 08 02 ff        -136099570   475814994520.000000   475951094090.000000
55 50 0f 01 01 00 09 36 12 02 09        -136099560   475814994530.000000   475951094090.000000
55 50 0f 01 01 00 09 36 1c 02 13        -136099550   475814994540.000000   475951094090.000000
55 50 0f 01 01 00 09 36 26 02 1d        -136099540   475814994550.000000   475951094090.000000
55 50 0f 01 01 00 09 36 30 02 27        -136099530   475814994560.000000   475951094090.000000
55 50 0f 01 01 00 09 36 3a 02 31        -136099520   475814994570.000000   475951094090.000000
55 50 0f 01 01 00 09 36 44 02 3b        -136099510   475814994580.000000   475951094090.000000
55 50 0f 01 01 00 09 36 4e 02 45        -136099500   475814994590.000000   475951094090.000000
55 50 0f 01 01 00 09 36 58 02 4f        -136099490   475814994600.000000   475951094090.000000
55 50 0f 01 01 00 09 36 62 02 59        -136099480   475814994610.000000   475951094090.000000
55 50 0f 01 01 00 09 36 6c 02 63        -136099470   475814994620.000000   475951094090.000000
55 50 0f 01 01 00 09 36 76 02 6d        -136099460   475814994630.000000   475951094090.000000
55 50 0f 01 01 00 09 36 80 02 77        -136099450   475814994640.000000   475951094090.000000
55 50 0f 01 01 00 09 36 8a 02 81        -136099440   475814994650.000000   475951094090.000000
55 50 0f 01 01 00 09 36 94 02 8b        -136099430   475814994660.000000   475951094090.000000
55 50 0f 01 01 00 09 36 9e 02 95        -136099420   475814994670.000000   475951094090.000000
55 50 0f 01 01 00 09 36 a8 02 9f        -136099410   475814994680.000000   475951094090.000000
55 50 0f 01 01 00 09 36 b2 02 a9        -136099400   475814994690.000000   475951094090.000000
55 50 0f 01 01 00 09 36 bc 02 b3        -136099390   475814994700.000000   475951094090.000000
55 50 0f 01 01 00 09 36 c6 02 bd        -136099380   475814994710.000000   475951094090.000000
55 50 0f 01 01 00 09 36 d0 02 c7        -136099370   475814994720.000000   475951094090.000000
55 50 0f 01 01 00 09 36 da 02 d1        -136099360   475814994730.000000   475951094090.000000
55 50 0f 01 01 00 09 36 e4 02 db        -136099350   475814994740.000000   475951094090.000000
55 50 0f 01 01 00 09 36 ee 02 e5        -136099340   475814994750.000000   475951094090.000000
55 50 0f 01 01 00 09 36 f8 02 ef        -136099330   475814994760.000000   475951094090.000000
55 50 0f 01 01 00 09 36 02 03 fa        -136099320   475814994770.000000   475951094090.000000
55 50 0f 01 01 00 09 36 0c 03 04        -136099310   475814994780.000000   475951094090.000000
55 50 0f 01 01 00 09 36 16 03 0e        -136099300   475814994790.000000   475951094090.000000
55 50 0f 01 01 00 09 36 20 03 18        -136099290   475814994800.000000   475951094090.000000
55 50 0f 01 01 00 09 36 2a 03 22        -136099280   475814994810.000000   475951094090.000000
55 50 0f 01 01 00 09 36 34 03 2c        -136099270   475814994820.000000   475951094090.000000
55 50 0f 01 01 00 09 36 3e 03 36        -136099260   475814994830.000000   475951094090.000000
55 50 0f 01 01 00 09 36 48 03 40        -136099250   475814994840.000000   475951094090.000000
55 50 0f 01 01 00 09 36 52 03 4a        -136099240   475814994850.000000   475951094090.000000
55 50 0f 01 01 00 09 36 5c 03 54        -136099230   475814994860.000000   475951094090.000000
55 50 0f 01 01 00 09 36 66 03 5e        -136099220   475814994870.000000   475951094090.000000
55 50 0f 01 01 00 09 36 70 03 68        -136099210   475814994880.000000   475951094090.000000
55 50 0f 01 01 00 09 36 7a 03 72        -136099200   475814994890.000000   475951094090.000000
55 50 0f 01 01 00 09 36 84 03 7c        -136099190   475814994900.000000   475951094090.000000
